>Puno120
+1 +2 +3 +4 +5 +6 +7 +8 +9 +10 +11 +12 +13 +14 -15 +16 -17 -18 +19 -20 +21 -22 -23 +24 -25 +26 +27 +28 -29 -30 +31 +32 +33 +34 +35 -36 -37 -38 -39 -40 +41 +42 +43 +44 +45 -46 +47 +48 -49 -50 +51 +52 +53 +54 +55 +56 +57 -58 +59 -60 -61 +62 -63 -64 -65 +66 -67 -68 -69 -70 +71 +72 +73 +74 +75 +76 +77 +78 +79 +80 +81 -82 +83 -84 -85 -86 -87 -88 +41 -89 -90 +91 -92 +93 +94 +95 +96 -97 +98 +99 +100 +101 -102 +103 +65 +104 +105 +106 +107 +108 +109 +110 +111 +112 +113 +114 -115 +116 -117 +118 -119 -120 -121 -122 -123 -124 -125 +126 +127 +128 +129 +130 +101 +131 +132 +133 +134 +110 +135 +136 +137 -138 -139 -140 +141 -142 +143 -144 -145 +146 +147 -148 -149 +150 +151 -152 +153 +154 +99 +155 -156 +157 -158 -159 +160 -161 +162 $
>G27
+1 +163 +2 +3 +164 +4 +6 +165 +7 +8 +10 +12 +14 -15 +16 -17 -18 -20 +21 -22 -23 -25 +26 +27 +28 -29 -30 +31 +33 +34 +35 +166 -36 -37 -38 -39 +167 -40 +41 +42 +43 +44 +168 +45 -46 +47 +169 -49 -50 -163 -51 +52 +53 +54 +55 +67 +170 -66 +65 +64 +171 +63 +61 +60 +172 -59 +58 -57 +173 -56 +154 -68 +69 -70 +71 -163 +72 +73 +75 +174 +76 +77 +175 +78 +80 +79 +176 +81 +177 -82 -84 -178 -85 -87 +179 -88 +41 -89 -180 -90 +163 +91 +181 -92 +163 +93 +182 -94 +95 -97 +101 +183 -102 -184 +149 -185 +186 -187 +103 +65 +104 +105 +106 +107 +188 +109 +110 +111 +113 +114 +189 -115 +116 -117 -119 -120 -121 -122 -124 -125 +126 +129 +101 +131 +132 +190 +133 +134 +191 +110 +135 +136 +137 -138 -139 -140 +141 +143 -144 -145 +147 -148 +155 -156 -158 -159 -160 -161 +192 +162 $
>SJM180
+1 +193 +2 +3 +164 +4 +5 +6 +165 +7 +194 +8 +9 +10 +12 +14 +195 -15 +196 -197 +198 +16 -17 -18 -20 +21 -22 +199 -23 +24 -25 +26 +27 +28 -30 +31 +32 +33 +35 -36 -200 -37 -38 -39 -40 +41 +42 +44 +168 +45 -46 -52 +51 +50 +47 +169 -49 +201 +202 +53 +54 +55 +67 +170 -66 +65 +64 +171 +63 +61 +203 +204 +60 +172 -59 +58 -57 -56 +154 -68 -69 -70 +71 +72 +73 +74 +75 +174 +76 +205 +77 +175 +78 +80 +79 +176 +81 +206 -82 +83 -84 -85 -86 -87 +179 -88 +41 -89 -180 -90 +91 +181 -92 +93 +207 +94 +101 +183 -102 +103 +65 +104 +105 +208 +106 +107 +108 +109 +110 +111 +113 +114 +189 -115 +116 -117 +209 -119 +210 -120 +121 -122 -124 -26 -125 +126 +127 +128 +187 +211 -186 +185 -149 +150 +212 +151 +213 -152 +153 +99 +214 -215 +216 +129 +101 +217 +131 +218 +219 +132 +220 +190 +133 +221 +134 +110 +135 +222 +136 +137 -138 -139 -140 +141 -142 +143 -144 -145 +223 +147 -148 +155 -156 +157 +224 -158 -159 -160 -161 +162 $
>Gambia94_92
+1 +193 +2 +164 +4 +5 +6 +165 +7 +194 +8 +9 +10 +12 +14 +195 -15 +196 +16 -17 -18 -20 +21 -22 -23 +24 -25 +26 +27 +225 +28 -30 +54 +31 +32 +33 +35 -36 -200 -37 -39 -40 +41 +42 +226 +43 +44 +168 +45 -46 +47 -49 -50 -51 +52 +53 +54 +55 +67 +170 -66 +65 +64 +171 +63 +61 +60 +172 -59 -58 -57 -56 +154 -68 +69 -70 +71 +72 +73 +74 +75 +174 +76 +77 +175 +78 +80 +79 +176 +81 +206 -82 +83 -84 -85 -86 -87 +179 -88 +41 -89 -180 -90 +91 +181 -92 +93 +94 +227 +149 -185 +186 -211 -187 +101 -102 +103 +65 +104 +228 +105 +208 +106 +109 +110 +111 +113 +114 -115 +229 -117 +209 -119 -120 +121 -122 -124 -26 -125 +126 +127 +128 +216 +129 +101 +183 +131 +219 -132 -214 -99 +152 -213 -151 -212 -150 +230 +149 -185 +231 +133 +134 +110 +135 +136 -138 -139 -140 -144 -232 -145 +233 +147 -148 +155 -156 -158 -127 -126 +160 +234 -161 +235 +162 $
>ELS37
+1 +193 +2 +164 +4 +6 +165 +7 +194 +8 +10 +12 +14 +195 -15 -197 -109 -108 -107 -106 -105 -104 -65 -103 +102 -101 -94 -207 -93 +92 -181 -91 +90 +180 +89 -41 +88 -179 +87 +86 +85 +84 -83 +82 -206 -81 -176 -79 -80 -78 -175 -77 -76 -174 -75 -74 -73 +236 +70 +69 +68 -154 +56 +57 +58 +59 -172 -60 -204 -61 -63 -171 -64 -65 +66 -170 -67 -55 -54 -53 +237 -201 +49 -47 -50 -51 +52 +46 -45 -231 +185 -149 -230 +150 +212 +151 -152 +99 +214 -45 -168 -44 -42 -41 +40 +39 +38 +37 +200 +36 -35 -33 -32 -31 +30 -28 -225 -27 -26 +25 -24 +23 +22 +20 +18 -16 -198 +110 +111 +113 +189 -115 +116 -117 +209 -119 -120 +121 -122 +238 -124 -26 -125 +126 +127 +128 +216 +129 +101 +131 -132 +190 +133 +134 +110 +135 +136 +137 -138 -140 +143 -144 -145 -148 +155 +239 -156 -158 -159 +160 +234 -161 +162 $
