>gi|386593590|ref|NC_017625.1|
-22 +64 +114 -67 -45 -59 +23 +53 -4 -35 -21 +48 -101 +84 -1 -18 -30 +12 +85 +91 +71 +40 -107 +47 +97 +116 +70 -1 +38 -68 -56 +117 +78 +17 +52 -49 +34 -81 +88 -5 -42 -55 -50 -46 -37 -100 -73 +24 +20 -92 +36 +113 +108 -63 -51 -14 +66 -96 +125 +29 -54 +98 -82 -39 -62 +43 +33 -80 +7 +69 +93 -77 -4 -32 -61 -27 -6 -10 +11 -44 -60 +58 -121 -124 +129 -16 -83 +1 -74 -79 -41 -19 +132 -89 -13 -95 +120 +103 +128 +109 +15 -72 +76 +1 -8 +1 -25 +28 +31 +1 -86 +26 +1 +87 +94 +75 $
>gi|386612163|ref|NC_017641.1|
+41 -99 +79 +74 -1 +83 +104 +16 +123 -58 +60 +44 -11 +10 +6 +105 +27 +61 +32 +4 +77 -93 -69 -7 +80 +115 -33 -43 +62 +39 +82 +130 -65 +54 -127 +9 -29 +96 -66 +14 +51 +63 -36 +92 -20 +111 -24 +73 +113 -9 +110 +57 +100 +37 +46 +50 +127 +55 -65 +42 +5 +81 -34 +49 -52 -17 -78 +131 +56 +68 -38 +1 -70 -97 -47 +107 -40 -90 -71 -91 -112 -85 -12 +30 +18 +1 -84 +101 -48 +21 +35 +4 -53 -23 +59 +45 +67 +106 -64 +22 -75 -94 -87 -1 -26 +86 -1 -31 -28 +25 -1 +8 -1 -76 +72 -15 -103 +13 +19 $
>gi|387880559|ref|NC_017906.1|
+41 -99 +79 +74 -1 +83 +104 +16 +123 -58 +60 +44 -11 +10 +6 +105 +27 +61 +32 +77 -69 -7 +9 +80 -33 -43 -3 -2 +62 +39 -122 +82 -98 +130 -65 +54 -3 -102 -29 -57 -110 +9 -66 +14 -3 -102 -2 +51 +63 -36 -20 +111 -24 +73 +2 +57 +3 +2 +102 +3 +37 +46 +50 +2 +3 +55 -65 +42 +5 -88 +81 -34 +2 +122 +49 -52 -17 -78 +118 +56 +68 -38 +1 -70 -97 -47 +119 -40 -90 -71 -85 -12 +30 +18 +1 -84 -48 +21 +35 -53 -23 +59 +45 +67 +106 -64 +22 -75 -87 -1 -26 +86 -1 -31 -28 +25 -1 +8 -1 -76 +72 -15 +95 +13 +89 +19 $
>gi|386607309|ref|NC_017635.1|
+41 -99 +79 +74 -1 +83 +104 +16 -58 +60 +44 -11 +10 +6 +105 +27 +61 +32 +4 +77 -93 -69 -7 +80 +115 -33 -43 +62 +39 +82 -98 +54 -29 +96 -66 +14 +51 +63 -108 -36 +92 -20 +111 -24 +73 +113 -9 +110 +57 +100 +37 +46 +50 +55 +42 +5 +126 -88 +81 -34 +49 -52 -17 -78 +131 +118 +56 +68 -38 +1 -70 -47 +119 -40 -90 -71 -91 -112 -85 -12 +30 +18 +1 -84 -48 +21 +35 -53 -23 +59 +45 +67 +106 -64 +22 -75 -94 -87 -1 -26 +86 -1 -31 -28 -126 +25 -1 +8 -1 -76 +72 -15 -109 +95 +13 +89 +19 $
>contig_7_4789_4788_0_l=212584
-56 +117 +78 $
>contig_8_4179_4178_0_l=088668
-26 +86 $
>contig_13_4227_4226_0_l=059929
+52 $
>contig_19_4247_4246_0_l=019528
-16 $
>contig_39_4401_4400_0_l=135502
-43 +62 $
>contig_49_4445_4444_0_l=008668
+45 $
>contig_52_4457_4456_0_l=005659
-68 $
>contig_53_4461_4460_0_l=010497
-83 $
>contig_55_4465_4464_0_l=043804
+98 -82 -39 $
>contig_57_4471_4470_0_l=042110
+31 $
>contig_58_4475_4474_0_l=091778
-21 $
>contig_59_4479_4478_0_l=014370
+23 $
>contig_60_4489_4488_0_l=008055
+128 $
>contig_62_4495_4494_0_l=016200
-74 $
>contig_63_4499_4498_0_l=013164
-17 $
>contig_65_4505_4504_0_l=026496
+108 -63 $
>contig_66_4507_4506_0_l=054858
-85 $
>contig_80_4539_4538_0_l=080009
-61 $
>contig_82_4543_4542_0_l=132556
-71 -91 $
>contig_85_4553_4552_0_l=009225
-44 $
>contig_87_4561_4560_0_l=011972
+129 $
>contig_90_4517_4516_0_l=026966
+53 $
>contig_94_4589_4588_0_l=221599
+37 $
>contig_96_4597_4596_0_l=042472
+77 -93 -69 $
>contig_97_4603_4602_0_l=027658
-27 -6 $
>contig_99_4609_4608_0_l=105580
+46 $
>contig_105_4633_4632_0_l=056887
+18 $
>contig_112_4663_4662_0_l=204651
+38 $
>contig_113_4667_4666_0_l=058839
+20 $
>contig_114_4669_4668_0_l=067330
+5 $
>contig_117_4677_4676_0_l=186978
-79 $
>contig_118_4683_4682_0_l=039230
+24 $
>contig_119_4685_4684_0_l=149872
-41 -19 +132 -89 -13 -95 +120 +103 $
>contig_121_4689_4688_0_l=071443
+30 $
>contig_122_4691_4690_0_l=133606
+33 -80 +7 $
>contig_123_4695_4694_0_l=040490
+32 $
>contig_125_4705_4704_0_l=025250
+121 -58 $
>contig_134_4747_4746_0_l=119769
+109 +15 $
>contig_138_4755_4754_0_l=083785
-25 +28 $
>contig_141_4773_4772_0_l=202490
+66 -96 +125 +29 -54 $
>contig_142_4775_4774_0_l=035026
-36 +92 $
>contig_143_4779_4778_0_l=165340
-72 +76 $
>contig_144_4783_4782_0_l=065997
+60 $
>contig_146_4787_4786_0_l=236111
+40 -107 +47 +97 +116 $
>contig_151_4823_4822_0_l=097942
+59 $
>contig_177_3085_3084_0_l=039488
-49 +34 $
>contig_197_3235_3234_0_l=028839
+70 $
>contig_200_4639_4638_0_l=095449
-51 -14 $
>contig_208_4313_4312_0_l=021536
-48 $
>contig_214_4675_4674_0_l=087508
+50 +55 $
>contig_218_4687_4686_0_l=037294
+35 $
>contig_227_3717_3716_0_l=133918
-11 $
>contig_233_3783_3782_0_l=015710
+100 $
>contig_236_3825_3824_0_l=019703
-81 +88 $
>contig_240_3863_3862_0_l=165707
+67 -114 -64 +22 -75 -94 -87 $
>contig_241_3879_3878_0_l=010691
+124 $
>contig_246_4751_4750_0_l=106915
+12 $
>contig_247_3939_3938_0_l=043988
-84 +101 $
>contig_255_4003_4002_0_l=031979
+8 $
>contig_259_4021_4020_0_l=041211
-10 $
>contig_261_4051_4050_0_l=063868
-73 $
>contig_262_4053_4052_0_l=031582
+42 $
